22/05/2021 11:05:56 a. m.

Radiation device:	Clinax ix Accelerator
Energy:	6 MeV
Controller:	CCU
Measurement device:	NWP484841
Field detector:	Thimble
Reference detector:	Thimble
SAD:	1000 mm
SSD:	1000 mm
Field size:	400 x 400 mm
Gantry angle:	0
Measurement medium:	Water
Scan type:	Beam
Scan mode:	Continuous

Points [mm]:
Inline	Crossline	Depth	Normalized field	Current field	Ratio
0,0	0,0	79,3	29547,6	942	0,4
0,0	0,0	78,6	32548,4	1037	0,4
0,0	0,0	77,0	32136,5	1024	0,4
0,0	0,0	75,8	34528,1	1100	0,5
0,0	0,0	74,8	37400,8	1192	0,5
0,0	0,0	73,8	37343,6	1190	0,5
0,0	0,0	72,9	36114,0	1151	0,4
0,0	0,0	72,0	34412,5	1097	0,4
0,0	0,0	71,0	28159,7	897	0,4
0,0	0,0	69,8	34459,0	1098	0,4
0,0	0,0	68,8	32423,7	1033	0,4
0,0	0,0	67,9	37924,2	1209	0,5
0,0	0,0	66,8	41069,3	1309	0,5
0,0	0,0	65,8	28679,7	914	0,4
0,0	0,0	64,8	34895,3	1112	0,4
0,0	0,0	63,9	39777,0	1268	0,5
0,0	0,0	62,8	34885,2	1112	0,4
0,0	0,0	61,8	35454,8	1130	0,5
0,0	0,0	60,8	32863,6	1047	0,4
0,0	0,0	59,8	36183,0	1153	0,4
0,0	0,0	58,7	34990,7	1115	0,5
0,0	0,0	57,6	41233,2	1314	0,5
0,0	0,0	56,7	38841,8	1238	0,5
0,0	0,0	55,7	34870,7	1111	0,4
0,0	0,0	54,7	37596,8	1198	0,5
0,0	0,0	53,7	34684,1	1105	0,5
0,0	0,0	52,6	42544,4	1356	0,5
0,0	0,0	51,6	32942,1	1050	0,4
0,0	0,0	50,6	43117,9	1374	0,5
0,0	0,0	49,6	43260,9	1379	0,5
0,0	0,0	48,6	40386,3	1287	0,5
0,0	0,0	47,6	37412,6	1192	0,5
0,0	0,0	46,6	41248,1	1315	0,5
0,0	0,0	45,5	45962,0	1465	0,6
0,0	0,0	44,5	43213,4	1377	0,5
0,0	0,0	43,5	37064,2	1181	0,5
0,0	0,0	42,5	41409,8	1320	0,5
0,0	0,0	41,5	43720,4	1393	0,5
0,0	0,0	40,5	38589,8	1230	0,5
0,0	0,0	39,5	46401,3	1479	0,6
0,0	0,0	38,5	36180,9	1153	0,5
0,0	0,0	37,5	41259,8	1315	0,5
0,0	0,0	36,4	45404,0	1447	0,6
0,0	0,0	35,4	50744,0	1617	0,6
0,0	0,0	34,4	60487,9	1928	0,8
0,0	0,0	33,4	81037,6	2583	1,1
0,0	0,0	32,4	140666,8	4483	1,7
0,0	0,0	31,4	231209,4	7368	2,8
0,0	0,0	30,4	428437,1	13654	5,2
0,0	0,0	29,3	696794,4	22206	8,6
0,0	0,0	28,3	901815,2	28740	12,9
0,0	0,0	27,3	1574866,0	50190	18,8
0,0	0,0	26,3	2034673,3	64843	24,9
0,0	0,0	25,3	2539073,1	80918	31,0
0,0	0,0	24,3	3170453,6	101040	38,8
0,0	0,0	23,3	3439558,4	109616	48,5
0,0	0,0	22,3	4827522,0	153849	57,7
0,0	0,0	21,3	5154959,8	164284	63,8
0,0	0,0	20,2	5745687,6	183110	70,5
0,0	0,0	19,2	6229866,7	198540	76,8
0,0	0,0	18,2	6665388,7	212420	83,5
0,0	0,0	17,2	6738967,1	214765	89,5
0,0	0,0	16,2	7475833,0	238248	93,3
0,0	0,0	15,2	7785026,3	248102	96,3
0,0	0,0	14,1	7701685,5	245446	98,4
0,0	0,0	13,1	7731448,4	246394	99,7
0,0	0,0	12,1	8207882,8	261578	100,0
0,0	0,0	11,1	7778806,2	247904	99,8
0,0	0,0	10,1	7950577,4	253378	98,7
0,0	0,0	9,1	7860025,5	250492	97,3
0,0	0,0	8,1	7404281,7	235968	95,4
0,0	0,0	7,1	7620287,6	242852	93,2
0,0	0,0	6,1	6961601,6	221860	91,4
0,0	0,0	5,1	7424333,0	236607	89,2
0,0	0,0	4,1	6978561,0	222401	86,8
0,0	0,0	3,1	6637919,8	211545	84,6
0,0	0,0	2,0	6727603,7	214403	82,7
0,0	0,0	1,0	6118971,1	195006	80,9
0,0	0,0	0,1	6412319,6	204355	79,5
0,0	0,0	0,0	6524285,5	207923	79,4


22/05/2021 11:27:52 a. m.

Radiation device:	Clinax ix Accelerator
Energy:	6 MeV
Controller:	CCU
Measurement device:	NWP484841
Field detector:	Thimble
Reference detector:	Thimble
SAD:	1000 mm
SSD:	1000 mm
Field size:	300 x 300 mm
Gantry angle:	0
Measurement medium:	Water
Scan type:	Beam
Scan mode:	Continuous

Points [mm]:
Inline	Crossline	Depth	Normalized field	Current field	Ratio
0,0	0,0	79,3	41373,1	1319	0,5
0,0	0,0	78,2	37889,1	1207	0,5
0,0	0,0	76,2	34671,7	1105	0,4
0,0	0,0	74,7	36722,8	1170	0,4
0,0	0,0	73,6	34651,3	1104	0,5
0,0	0,0	72,3	47091,6	1501	0,5
0,0	0,0	71,0	39474,4	1258	0,5
0,0	0,0	69,8	37972,7	1210	0,5
0,0	0,0	68,6	35928,9	1145	0,4
0,0	0,0	67,5	37330,1	1190	0,5
0,0	0,0	66,2	40859,9	1302	0,5
0,0	0,0	65,0	37848,1	1206	0,5
0,0	0,0	63,8	41151,3	1311	0,5
0,0	0,0	62,6	41505,4	1323	0,5
0,0	0,0	61,4	43197,0	1377	0,5
0,0	0,0	60,2	43469,1	1385	0,5
0,0	0,0	59,0	38505,3	1227	0,5
0,0	0,0	57,6	39553,3	1261	0,5
0,0	0,0	56,4	41418,7	1320	0,5
0,0	0,0	55,1	38416,7	1224	0,5
0,0	0,0	54,0	47525,1	1515	0,6
0,0	0,0	52,8	42630,7	1359	0,5
0,0	0,0	51,6	45560,1	1452	0,5
0,0	0,0	50,4	42326,3	1349	0,5
0,0	0,0	49,1	42134,3	1343	0,5
0,0	0,0	48,0	48072,4	1532	0,6
0,0	0,0	46,7	44156,4	1407	0,6
0,0	0,0	45,5	43590,1	1389	0,5
0,0	0,0	44,3	48380,7	1542	0,6
0,0	0,0	43,1	39281,7	1252	0,5
0,0	0,0	41,9	51458,0	1640	0,6
0,0	0,0	40,7	51978,3	1657	0,6
0,0	0,0	39,4	39181,5	1249	0,6
0,0	0,0	38,2	52340,5	1668	0,6
0,0	0,0	37,0	46561,7	1484	0,6
0,0	0,0	35,8	44767,6	1427	0,6
0,0	0,0	34,5	68528,7	2184	0,8
0,0	0,0	33,4	88942,8	2835	1,1
0,0	0,0	32,1	154774,2	4933	1,9
0,0	0,0	30,9	290125,3	9246	3,5
0,0	0,0	29,7	583414,2	18593	7,1
0,0	0,0	28,4	896765,9	28579	11,9
0,0	0,0	27,2	1584072,1	50483	18,8
0,0	0,0	26,1	2108818,9	67206	25,9
0,0	0,0	24,8	2807572,1	89475	34,2
0,0	0,0	23,6	3536011,7	112690	44,1
0,0	0,0	22,4	4315071,8	137518	53,1
0,0	0,0	21,2	5178947,6	165049	62,2
0,0	0,0	20,0	5763347,2	183673	72,0
0,0	0,0	18,8	6622730,7	211061	80,0
0,0	0,0	17,5	7097985,7	226207	86,7
0,0	0,0	16,3	7392677,9	235598	92,6
0,0	0,0	15,1	7856913,1	250393	96,0
0,0	0,0	13,9	8141742,4	259470	98,4
0,0	0,0	12,7	7828169,1	249477	99,9
0,0	0,0	11,5	8271173,3	263595	100,0
0,0	0,0	10,3	8320074,1	265153	99,0
0,0	0,0	9,0	7551307,7	240654	96,8
0,0	0,0	7,8	7837437,6	249772	95,0
0,0	0,0	6,6	7789275,6	248237	92,4
0,0	0,0	5,3	6852488,9	218383	90,3
0,0	0,0	4,1	7492601,8	238783	87,9
0,0	0,0	2,9	7443158,7	237207	85,3
0,0	0,0	1,7	6139618,9	195664	83,2
0,0	0,0	0,5	6922211,2	220605	81,7
0,0	0,0	0,0	6638527,0	211564	80,6


22/05/2021 11:46:10 a. m.

Radiation device:	Clinax ix Accelerator
Energy:	6 MeV
Controller:	CCU
Measurement device:	NWP484841
Field detector:	Thimble
Reference detector:	Thimble
SAD:	1000 mm
SSD:	1000 mm
Field size:	200 x 200 mm
Gantry angle:	0
Measurement medium:	Water
Scan type:	Beam
Scan mode:	Continuous

Points [mm]:
Inline	Crossline	Depth	Normalized field	Current field	Ratio
0,0	0,0	79,3	31689,8	1010	0,4
0,0	0,0	78,3	30043,2	957	0,4
0,0	0,0	76,5	32904,4	1049	0,4
0,0	0,0	74,5	29046,8	926	0,4
0,0	0,0	73,7	33605,0	1071	0,4
0,0	0,0	72,4	29420,2	938	0,4
0,0	0,0	71,3	30733,9	979	0,4
0,0	0,0	70,0	36940,9	1177	0,4
0,0	0,0	68,8	37574,5	1197	0,4
0,0	0,0	67,7	31862,1	1015	0,5
0,0	0,0	66,5	39015,8	1243	0,5
0,0	0,0	65,2	38794,2	1236	0,5
0,0	0,0	64,0	27492,8	876	0,4
0,0	0,0	62,8	39723,0	1266	0,5
0,0	0,0	61,7	37993,8	1211	0,5
0,0	0,0	60,5	31953,6	1018	0,5
0,0	0,0	59,3	35014,1	1116	0,4
0,0	0,0	58,0	39639,6	1263	0,5
0,0	0,0	56,7	34098,3	1087	0,5
0,0	0,0	55,5	38302,8	1221	0,5
0,0	0,0	54,3	40865,7	1302	0,5
0,0	0,0	53,1	38233,5	1218	0,5
0,0	0,0	51,9	35311,6	1125	0,5
0,0	0,0	50,7	36724,7	1170	0,5
0,0	0,0	49,4	39094,7	1246	0,5
0,0	0,0	48,2	41860,0	1334	0,5
0,0	0,0	47,0	45456,7	1449	0,6
0,0	0,0	45,7	41775,2	1331	0,5
0,0	0,0	44,5	35239,0	1123	0,5
0,0	0,0	43,3	40526,5	1292	0,5
0,0	0,0	42,1	41081,5	1309	0,5
0,0	0,0	40,9	52587,2	1676	0,7
0,0	0,0	39,7	40385,8	1287	0,5
0,0	0,0	38,5	44079,8	1405	0,6
0,0	0,0	37,2	46187,8	1472	0,6
0,0	0,0	36,1	50993,6	1625	0,6
0,0	0,0	34,9	52546,7	1675	0,6
0,0	0,0	33,7	84535,8	2694	1,1
0,0	0,0	32,4	141418,7	4507	1,8
0,0	0,0	31,2	265106,9	8449	3,2
0,0	0,0	30,0	409741,9	13058	5,6
0,0	0,0	28,7	774059,0	24669	9,4
0,0	0,0	27,5	1406082,6	44811	16,7
0,0	0,0	26,3	1802211,4	57435	25,5
0,0	0,0	25,1	2853421,5	90936	34,7
0,0	0,0	23,9	3794667,5	120933	44,3
0,0	0,0	22,7	3565804,0	113639	52,6
0,0	0,0	21,5	5405498,8	172268	62,1
0,0	0,0	20,2	5679571,9	181003	70,5
0,0	0,0	19,0	5481926,6	174704	77,5
0,0	0,0	17,8	7340332,5	233930	85,5
0,0	0,0	16,6	7312821,1	233053	91,8
0,0	0,0	15,4	6837000,0	217889	95,9
0,0	0,0	14,1	8542228,0	272233	98,8
0,0	0,0	12,9	7875874,1	250997	99,4
0,0	0,0	11,6	7383113,6	235293	100,0
0,0	0,0	10,5	8278142,1	263817	99,2
0,0	0,0	9,2	7538381,8	240242	97,5
0,0	0,0	8,0	7657977,7	244053	95,7
0,0	0,0	6,8	7377172,1	235104	93,4
0,0	0,0	5,6	6991241,5	222805	90,7
0,0	0,0	4,4	6818025,1	217284	88,3
0,0	0,0	3,2	6649609,8	211917	85,4
0,0	0,0	1,9	6640815,3	211637	83,1
0,0	0,0	0,8	6558183,5	209004	81,6
0,0	0,0	0,2	6187247,0	197182	80,8
0,0	0,0	0,0	6562056,7	209127	80,7


22/05/2021 12:13:37 p. m.

Radiation device:	Clinax ix Accelerator
Energy:	6 MeV
Controller:	CCU
Measurement device:	NWP484841
Field detector:	Thimble
Reference detector:	Thimble
SAD:	1000 mm
SSD:	1000 mm
Field size:	200 x 200 mm
Gantry angle:	0
Measurement medium:	Water
Scan type:	Beam
Scan mode:	Continuous

Points [mm]:
Inline	Crossline	Depth	Normalized field	Current field	Ratio
0,0	0,0	79,3	98029,3	1134	0,4
0,0	0,0	78,4	95508,0	1105	0,4
0,0	0,0	76,5	94704,4	1096	0,4
0,0	0,0	74,5	123538,8	1429	0,5
0,0	0,0	73,7	109371,8	1265	0,5
0,0	0,0	72,5	84101,1	973	0,4
0,0	0,0	71,3	120003,4	1388	0,5
0,0	0,0	70,0	109430,1	1266	0,5
0,0	0,0	68,8	95704,0	1107	0,5
0,0	0,0	67,6	120572,6	1395	0,5
0,0	0,0	66,4	127609,6	1476	0,6
0,0	0,0	65,1	92519,3	1070	0,4
0,0	0,0	63,9	105274,1	1218	0,5
0,0	0,0	62,7	123644,9	1431	0,6
0,0	0,0	61,5	100345,3	1161	0,5
0,0	0,0	60,3	115502,0	1336	0,5
0,0	0,0	59,1	113044,8	1308	0,5
0,0	0,0	57,8	113665,8	1315	0,5
0,0	0,0	56,5	114149,5	1321	0,5
0,0	0,0	55,4	118681,7	1373	0,5
0,0	0,0	54,2	119939,7	1388	0,5
0,0	0,0	53,0	114615,9	1326	0,5
0,0	0,0	51,8	119913,2	1387	0,5
0,0	0,0	50,5	121213,6	1402	0,5
0,0	0,0	49,3	135019,9	1562	0,6
0,0	0,0	48,2	106813,4	1236	0,5
0,0	0,0	46,9	130533,9	1510	0,6
0,0	0,0	45,7	133665,8	1546	0,6
0,0	0,0	44,4	118564,3	1372	0,5
0,0	0,0	43,2	131850,5	1525	0,6
0,0	0,0	41,9	131139,3	1517	0,6
0,0	0,0	40,7	117938,6	1364	0,5
0,0	0,0	39,5	141441,8	1636	0,6
0,0	0,0	38,3	115921,7	1341	0,5
0,0	0,0	37,1	137864,3	1595	0,6
0,0	0,0	35,9	156775,9	1814	0,7
0,0	0,0	34,6	177238,0	2051	0,8
0,0	0,0	33,4	272614,5	3154	1,2
0,0	0,0	32,2	525061,8	6075	2,2
0,0	0,0	31,0	874592,8	10119	4,2
0,0	0,0	29,7	1595428,0	18458	6,8
0,0	0,0	28,5	2735682,8	31651	11,4
0,0	0,0	27,2	3770157,3	43619	18,7
0,0	0,0	26,0	6329419,5	73229	27,0
0,0	0,0	24,8	8982200,8	103920	36,7
0,0	0,0	23,6	8700528,9	100661	45,8
0,0	0,0	22,4	13677699,8	158245	55,5
0,0	0,0	21,2	14715757,1	170255	64,5
0,0	0,0	20,0	14288800,4	165315	72,0
0,0	0,0	18,8	20304255,0	234911	81,0
0,0	0,0	17,5	19621564,2	227013	87,8
0,0	0,0	16,3	18908289,0	218761	92,7
0,0	0,0	15,1	23864950,3	276107	96,7
0,0	0,0	13,9	22184127,0	256661	98,9
0,0	0,0	12,6	21079414,9	243880	99,8
0,0	0,0	11,4	23047521,5	266650	100,0
0,0	0,0	10,3	21816760,3	252410	99,0
0,0	0,0	9,0	21637137,2	250332	97,2
0,0	0,0	7,8	21136918,3	244545	95,0
0,0	0,0	6,6	20527958,5	237500	92,6
0,0	0,0	5,4	20539076,4	237628	90,1
0,0	0,0	4,1	19085954,2	220816	87,6
0,0	0,0	2,9	19154467,9	221609	85,0
0,0	0,0	1,7	18943556,5	219169	82,9
0,0	0,0	0,6	17751986,8	205383	81,7
0,0	0,0	0,0	18146829,6	209951	80,9
0,0	0,0	0,0	18184850,8	210391	80,9


22/05/2021 12:19:04 p. m.

Radiation device:	Clinax ix Accelerator
Energy:	6 MeV
Controller:	CCU
Measurement device:	NWP484841
Field detector:	Thimble
Reference detector:	Thimble
SAD:	1000 mm
SSD:	1000 mm
Field size:	200 x 200 mm
Gantry angle:	0
Measurement medium:	Water
Scan type:	Beam
Scan mode:	Continuous

Points [mm]:
Inline	Crossline	Depth	Normalized field	Current field	Ratio
0,0	0,0	79,3	113961,1	1318	0,5
0,0	0,0	78,2	91761,7	1062	0,4
0,0	0,0	76,5	96314,4	1114	0,4
0,0	0,0	74,5	98754,5	1143	0,5
0,0	0,0	73,6	108703,0	1258	0,5
0,0	0,0	72,4	106013,7	1227	0,5
0,0	0,0	71,3	92471,5	1070	0,5
0,0	0,0	70,0	120343,5	1392	0,5
0,0	0,0	68,8	102954,6	1191	0,5
0,0	0,0	67,7	96703,5	1119	0,4
0,0	0,0	66,5	117115,9	1355	0,5
0,0	0,0	65,2	100486,4	1163	0,4
0,0	0,0	64,0	106898,3	1237	0,5
0,0	0,0	62,8	114338,0	1323	0,5
0,0	0,0	61,6	111965,1	1295	0,5
0,0	0,0	60,4	98951,5	1145	0,4
0,0	0,0	59,2	126903,6	1468	0,6
0,0	0,0	57,9	120321,9	1392	0,5
0,0	0,0	56,6	121339,9	1404	0,5
0,0	0,0	55,4	113685,3	1315	0,5
0,0	0,0	54,2	125316,6	1450	0,6
0,0	0,0	53,1	119727,4	1385	0,5
0,0	0,0	51,9	98511,9	1140	0,5
0,0	0,0	50,6	132503,4	1533	0,6
0,0	0,0	49,4	130677,5	1512	0,6
0,0	0,0	48,3	134370,5	1555	0,6
0,0	0,0	47,0	142993,0	1654	0,6
0,0	0,0	45,8	113424,8	1312	0,5
0,0	0,3	44,6	123215,3	1426	0,6
0,0	0,4	43,4	154443,9	1787	0,7
0,0	0,4	42,1	131893,0	1526	0,5
0,0	0,4	41,0	123920,6	1434	0,6
0,0	0,4	39,7	114987,5	1330	0,6
0,0	0,4	38,6	144382,4	1670	0,6
0,0	0,4	37,3	127556,5	1476	0,7
0,0	0,4	36,1	155454,6	1799	0,6
0,0	0,4	34,9	169639,7	1963	0,8
0,0	0,3	33,6	200247,6	2317	1,0
0,0	0,3	32,5	450004,3	5206	1,9
0,0	0,0	31,2	801802,8	9277	3,6
0,0	0,0	30,0	1269157,6	14684	6,3
0,0	0,0	28,7	2900725,6	33560	12,0
0,0	0,0	27,6	3809069,2	44069	17,5
0,0	0,0	26,4	5407832,5	62566	24,5
0,0	0,0	25,1	7463832,2	86353	34,0
0,0	0,0	23,9	9543347,0	110412	43,5
0,0	0,0	22,7	11726314,4	135668	53,1
0,0	0,0	21,5	13955359,0	161457	63,3
0,0	0,0	20,3	15994249,7	185047	71,3
0,0	0,0	19,1	17841229,5	206415	79,4
0,0	0,0	17,9	18751075,9	216942	86,2
0,0	0,0	16,6	20258660,5	234384	91,2
0,0	0,0	15,5	21547539,0	249296	95,5
0,0	0,0	14,2	20970003,4	242614	98,3
0,0	0,0	13,0	22663317,7	262205	100,0
0,0	0,0	11,7	22191733,8	256749	99,8
0,0	0,0	10,5	21449025,2	248156	98,9
0,0	0,0	9,2	21575381,0	249618	97,6
0,0	0,0	8,1	21789652,1	252097	95,8
0,0	0,0	6,9	19273351,2	222984	93,0
0,0	0,0	5,7	20558464,4	237853	90,2
0,0	0,0	4,4	21264201,9	246018	87,5
0,0	0,0	3,2	16983742,3	196495	85,1
0,0	0,0	2,0	19486565,7	225451	83,6
0,0	0,0	0,8	19510396,5	225727	82,0
0,0	0,0	0,3	17317717,7	200358	80,6
0,0	0,0	0,0	17801984,6	205961	80,9


22/05/2021 2:51:35 p. m.

Radiation device:	Clinax ix Accelerator
Energy:	6 MeV
Controller:	CCU
Measurement device:	NWP484841
Field detector:	Thimble
Reference detector:	Thimble
SAD:	1000 mm
SSD:	1000 mm
Field size:	250 x 250 mm
Gantry angle:	0
Measurement medium:	Water
Scan type:	Beam
Scan mode:	Continuous

Points [mm]:
Inline	Crossline	Depth	Normalized field	Current field	Ratio
0,0	0,0	79,3	319,6	1080	0,5
0,0	0,0	78,3	392,2	1326	0,5
0,0	0,0	76,5	385,1	1302	0,5
0,0	0,0	74,7	380,8	1287	0,4
0,0	0,0	73,7	390,5	1320	0,6
0,0	0,0	72,5	465,0	1572	0,5
0,0	0,0	71,3	440,2	1488	0,6
0,0	0,0	70,0	350,6	1185	0,5
0,0	0,0	68,8	430,3	1454	0,5
0,0	0,0	67,6	416,7	1409	0,5
0,0	0,0	66,4	327,5	1107	0,5
0,0	0,0	65,2	418,4	1414	0,5
0,0	0,0	64,0	413,4	1398	0,5
0,0	0,0	62,8	430,3	1454	0,6
0,0	0,0	61,6	416,7	1409	0,5
0,0	0,0	60,4	454,8	1538	0,6
0,0	0,0	59,2	424,0	1433	0,5
0,0	0,0	57,9	405,3	1370	0,5
0,0	0,0	56,6	436,6	1476	0,6
0,0	0,0	55,4	482,3	1631	0,6
0,0	0,0	54,2	382,7	1294	0,5
0,0	0,0	53,1	455,7	1540	0,6
0,0	0,0	51,9	379,4	1283	0,5
0,0	0,0	50,7	442,5	1496	0,6
0,0	0,0	49,4	419,0	1417	0,5
0,0	0,0	48,3	413,6	1398	0,5
0,0	0,0	47,1	452,0	1528	0,6
0,0	0,0	45,8	474,6	1604	0,6
0,0	0,0	44,5	443,4	1499	0,6
0,0	0,0	43,3	512,3	1732	0,6
0,0	0,0	42,1	451,2	1525	0,7
0,0	0,0	40,9	510,5	1726	0,6
0,0	0,0	39,7	374,2	1265	0,5
0,0	0,0	38,5	473,5	1600	0,6
0,0	0,0	37,2	545,6	1845	0,6
0,0	0,0	36,0	462,6	1564	0,7
0,0	0,0	34,8	619,5	2094	0,7
0,0	0,0	33,6	925,8	3130	1,1
0,0	0,0	32,4	1428,2	4828	2,1
0,0	0,0	31,1	3468,1	11724	4,1
0,0	0,0	29,9	5193,7	17557	6,6
0,0	0,0	28,7	7066,8	23889	10,3
0,0	0,0	27,5	15116,4	51101	17,4
0,0	0,0	26,2	20880,0	70584	26,7
0,0	0,0	25,0	25770,4	87116	35,7
0,0	0,0	23,8	38271,9	129377	46,3
0,0	0,0	22,6	42332,0	143102	55,6
0,0	0,0	21,3	49489,5	167298	64,4
0,0	0,0	20,2	55869,8	188866	72,9
0,0	0,0	18,9	61494,5	207881	79,4
0,0	0,0	17,8	67211,9	227208	86,1
0,0	0,0	16,5	69596,1	235268	92,4
0,0	0,0	15,3	75261,6	254420	96,2
0,0	0,0	14,1	78783,0	266324	99,0
0,0	0,0	12,8	76443,1	258414	100,0
0,0	0,0	11,6	78149,8	264184	99,8
0,0	0,0	10,4	77956,4	263530	99,1
0,0	0,0	9,2	72300,3	244409	97,2
0,0	0,0	8,0	72877,4	246360	95,2
0,0	0,0	6,8	73556,9	248657	92,6
0,0	0,0	5,6	66329,4	224225	89,7
0,0	0,0	4,4	68945,9	233070	87,8
0,0	0,0	3,1	69917,5	236354	85,2
0,0	0,0	1,9	59405,1	200817	82,9
0,0	0,0	0,8	66357,8	224321	81,9
0,0	0,0	0,1	65865,3	222656	80,9
0,0	0,0	0,0	63932,2	216121	81,1


